662

(602 sq) 11114, 16. (611 sq)
11114,11. (616) 11114 16.
(621111.,)1111411. (622) 71
ἯἿΜΜΜ.Μ
11111. 111111 6111111111
111 1111166111
11111111 16 1111111111
Μῶὼηηῶη(
mmmmm.
(736) (1.1 9,4. (743) (1.1
10, 17. (843 sq.) VI 1, 46.
ΜΜΜΜΜ
ΜΛΜΜΜ
(1011111.) V 12, 7. (10 sqq.)
V 2, 14. (15 sqq.) V 8, 1.
(30 sq.) III 1, 2. (93) 71
ΜΜΜΜΜ
71 6, 11. (187 sq.) VIS, 1.
(19711111.) V 8, 2. (249 sq.)
IIII 1, 5. (260 sqq.) V 17, 2.
ΜΠΜΜΜἮ1
ΜΜἮῌΜΜ
17, 3. (293 sqq.) 11111, 2
11 4 sqq. (296) VI 1, 60.
ΜΜΜΜΜ
11113, 7. (417) 716, 6. (462
11111 3103. ,11111131

a · · 1 ·

ΜΜΠΜΜΜ)

ΙΜΜΜΜΜΜΜω
713,1. (60111111.)1118,8
611611111111111111111
(636111.))711,63.(64111111)
Ὴ,ΜΜΜ.Μ.
649. 655. 670. 678. 691. 706.
723. 744. 760) V 16, 16. (66νὸ
sqq.) V 16, 4. (684 sqq.)V

18, 13 sqq. (699 sqq.) V 8,
3. (762) V 15, 8. (769 sq.)
11116, 23. (761) V 16,811
15. (766 sqq.) V 16, 4. (786
sqq.) V 13, 36. (792) 71 6,
ΜΜΜΜΜ
sqq.) V 8, 4. - 7111. (72)

INDEX AVCTORVM

VI 1, 12. (84 sq.) III 3, 2.
(6)Ἦ1611Ἦ1Μ
qmwwmufflm)

vn‚15fflmmflm,1s
(181) 716 7 18211111) V
8,.(6 (184)’73,(6.( (19311111.)
V14, 16 (197) 11116,14.

(243 sqq.) V 16, 14. (266)
V 14, 8. (270) 1116, 12.

(278) 721, 1. (278 sq 111
11, 3118. (2861(1.,)11112 1.

(290 sqq.) VI6, 14. (293)
vmnjwfflmwm,ffi.

(334) 716, 8. (368)Ι7, 23.

(362 sq.) 11'1 6, 9. (370 sqq.)
V 2, 16. (403) Ο. I 14, 14,
(466 sqq.) V 8, 6. (484) IIII
6,19. (486) 1111 4, 16. (660
Vffifflffffiffiffss
(696) 71 1, 22. (69711111.)
III 3, 3. (612 sqq.) 78,11.
ΜΠΜΜΜΜΨ1
ηΜψνΜωΜ
ΜΠΜωΜΜἮ11
(702 11131111 6, 11. (724) 71
6, 2. - 71111. (16) III 5,11.
(18 sq.) 79, 1. (37 sq.) 71
6,16. (47 sqq.) V 1,11. (69
sq.) IIII 6, 8. (104 sqq.) V
13, 22. (116 sq.) 11116, 16.
fflqumfflmu
(146 sq.) V 9, 3. (167111.)
79,4117111,23. (176
sqq.) V 2, 16 11 15,12.
(vamqwm
wsqumw
6, 12. (294 sq.) IIII 6, 3.
(303 sqq.) V 9, 6. (308 sqq.)
V9, 7. (31411111)79 8

(828111).79, 10. (399111.)
IIII6, 12. (416) 711, 36.

(422 sq 711, 18. (433 sq .
11116, 14.(43611111.,)710

η.μωῊΜ1Μῳ
716, 3. (469) 711, 26.

(469111 .)79,11.(476111.)
11111, 6. (486111.) 712, 21.

 

