. 16, 7.

16666 66660666 663

(628) 71 1, 18. (64666.) 7
maffinwvmffi
mmmmmffl
6666666266
6666666ΜΜ
666.) 712,32. (676666.)
666666Π66
Μ6Π6666
ΠΜΛωηῃη
6Ἥ666
6666664-Χ
OEWMMfflwfflQ
6169262161Π 6, 260 l(100 sqq&
mffiuffiVmffffl
sqq.) V 15, 4 et 7. (180 et
1wvmmmfflnm&
(189) V 14, 16. (189 66.)
66466666
(204666.) V 10, 1. (27066.)
V 13, 36. (270666.) V 10,2
66666666
(314) VI 7, 6. (852) ΙΙΙΙ 4, 3.
fflwmafflmv
lwwwwffimffi
6666666666
VI 6, 6. (419 eq.) 1117,3.
(444) 716, 3. (44966.) 71
nffiffmffissav

467 666. et 472) V
mmmmssffl
mammwvzm
(621) ib. 16. (624 666.) V
mssfflmwvmm
666666
666666666
swvmafflmmz
11. (69966.) 7ν1, 17. (641)
ffiffiffffifflfflfflffi
9. (723 666.) V 10, 7. (739
sqq.) V 12, 10. (74666.) V
61663. 66667.
6ΜΜῌ66Μ6

11. (812) IIII 4, 8. (819) ΙΙΠ
6, 14. (844) ΙΙΠ 3, 6. (860)
Μ66ΜΜΜ6.
(86666.) IIII 3, 8. (86166.)
66666Μ66
(887) 716, 6. (906) VI 6, 4.
- XI (4) 716, 4, (1666.)
111 6,11. (2466.) IIII 4, 9.
(39 66.) 1111613. (49 66.)
ΙΙΙΙ 6, 7. (68) ΠΙΙ 6, 7. (82)
7163. (86) ΙΙΙΙ 3, 6. (124
666666
V 10, 10. (19366.) 71 6, 5.
(220666.) V 2, 16. (243) V
stmoemwufflffim
(26766.) 1111 3, 12. (336666.)
V 2, 16. (416) 1111 6, 21. (426
mmmffimwma
(483666.) V 3, 10. (486 666.)
V 10, 11. (487 66.) VI 7, 18.
mmmmmmw
4, 10. (632666.) V 22, 2.
(642666.) 1118, 6. (601 66.)
666ωμω66
(690 66.) VI 6, 10. (731)
66666666
(761 666.) V 13, 28. (768
666.)71, 12 617Ι16,11.
(770 66.) 717, 18. (79466.)
73,7.(804)716,17.(836)ΙΙΙ
616 617262. (860) 71 4,
23. (860 666.) V 3, 2. (869)
ΉΜ66666
mvm2Q-m
11666.) V 2, 16. (19 666.)
71, 16 et 2, 17. (43666.)
16666η6666
(96 66.) 11116, 10. (10166.)
IV 1, 2. (14966.) 713, 39.
6666666666.
7666666666
mmmmmm
16, 11. (228) 711,33. (284)
71 1, 62 et 6, 7, (298666.)
V 16, 10. (33966.) 712,1.
fflwmmfflvm
ll. (391) 111147 et V 16,

 

