11111 11110111 661

(437 16.) 1114, 10. (486 16.)
V 3, 2. (489 16.) IIII 6,10
etV 6, 7. (613166.) V 11,
mmmwssffl
166.) V 17,10. (68616.) 11 4,
19. (687) 111,14. (618) 11
mfflfflfflmmm
VI 1, 66. (622 sqq.) V 13,
17. (623) ΠΙΙ 6,14. (631) 1
mfflwfflffiffiffl
1611113, 9. (69916.) 11
1ἈΨΜΗΜΑ
(716)12,11. - 1111 (416.
et 9) Ο. 13, 6. (66 16.)1Π
1Α166Μωω1
2, (67166.) 111 12, 10. (62)
1114, 6. (63 16.) 1111, 2.
(66 16.)116, 18. (69 sqq.)
V 6, 9. (164 16.) 114, 9,
(17616.) V 13, 31. (177) V
3, 11. (21916.) III 2, 9.
(238166.) 16, 11. (272)
11 6, 13. (288) 117,19.
(30116.) 1111 6,7. (302 16.)
mmmmfflwm
1mffimwmwssm
V 1611). (419 16.) 11116, 6.
(441 166.) V 6, 13. (463)
116, 7. (464166.) 116, 6.
(182) 11 1, 9. (612) 111 1, 7.
(61316.) V 19, 9. (614) 11
mfflfflmmmw
fflfflstfflwmw
(68416.) V 6, 16. (686) 11
1,31. (69016.) 11112, 2 111
wffiffiwmmffl
(612 166.) 1 12, 6. (63416.)
111 1, 7. (638) 1113,2. (661)
fflmfflfflmwmffi
(66916.) 1111 2, 2. (66916.)
fflffimwfflmffi
(69816.) 1 19, 1. (70216.)
1 19, 6. - 1. (116.) 12,
⁰ 12. (8166.) V 7, 1. (31)11
1, 48. (77) V 21,1. (9816.)
V 7, 2. (104166.) 1 2,16.
(144166.) 1 11, 20. (194 sq.)
1111 6,21. (236166.) 111 2, 5.

(23716.)1112, 2. (267) 11 “
6, 19. (269166.) 1 7, 3.
(302) 11 1, 61. (316) 1 7,
4. (320) 11 2, 32. (324) 1
14, 6. (372) 118, 3. (401)
118, 3. (42216.) 111,43.
(426) 1 7, 6. (438) 11 6, 6.
(468166.) ΙΙΠ 1, 2. (481 et
483) 1116, 3. (486) 1 7, 6.
(492) 1 16, 12. (617 16.)
111 8, 4. (689) 1 14, 2.
(609) 11 6, 4. (626) 11113,
16. (632) 116, 16. (674)
vmwfflnwwmffl
(73816.) I 3,10. (740166.)
17, 8. (792) 11Π 3,16. (822)
1 17,18. (823) 1 17, 17.
(824) 1 17, 18. (843) 116,
12. (871) 1 14, 6. -11.
61616Π61
(3816.) 111 6, 6. (4716.)
ΙΙΠ 1, 6. (66 16.) ΙΠ 3, 6.
(30 16.) 114, 2. (119166.)
111162166. (124) III 2,9.
(141 114, 8. (144)116, 8.
(167 118, 6. (179166.)
11 2, 27. (204) 11 6, 8.
(214) 1 7, 9. (22916.)111
1, 8. (232 sqq.) V 7, 16.
(236166.) 12, 14. (26816.) “
111 3, 3. (273) 11 8, 14.
(276) 1 14, 8. (278) 1 7, 11.
(287) 114,8. (308) 1111 3,4,
(336) 11114, 16. (337166.)
1 2,14. (36616.) ΙΠΙ3, 16.
(363166.) 1 7,12. (406166.)
wffimssmmmffi
(446) ΠΙΙ 6, 14. (460 166.)
1 2, 14. (470166.) 111,1.
(497) Π113,8. (49816.) 1111
1,4, (616 16.) 11 2, 26.
(622) 13,12. (629 16.) IIII
6, 14. (636 sq. et 639) Ι 3,
11. (646) (1.1 13, 12. (678
1111111136111131
166.) 17,14. (69716.) 1111
4, 16. (6611 Q. 1 mm.

 

