664

qffiqmmqq
(435 sq.) VI 1, 58. (493)
6666ψ666
(552) 71 1,17. (561) V 17,
mffimeWt
mmmqmfflv
16, 7. (648 66) 111 3, 6.
(725 66.) V 13, 39. (770 66.)
1113, 4. (777) 1111 6, 10.
(wqwms4fflmw
716, 11. (882) 1111 4, 25.
(933 666.)1111 6, 9. (934)
ΠΜ6ΜΜΜ6-
ffl0w1wmmnoemw
ΙΙΙΙ3,.-··9 ΙΙ. (24)717,.17
ffimw⁷1nfflq
ΜηκωἮωΜπ
lmw ωη6)Ἦ6
6.6Ή6Μ6446
711, 41 (57)7 17, 19
(58)714,.-6 -.7 (2766.)
ΙΠΙ 6,15.— 71. (4 66.) 71
4, 12. (17) V 21, 1. (31666.)
vmflmwwq4ffi
66.) 714,11. (48 666.) 1111
Μ6Η6Μ666
sq.) 71 7, 4. - VII. (7)
716, 6. (43)11116, 16.-
7111. (63) 716,7 61711,
6666666-
71111(2666)11116,7.(2866.)
mmqfflmwwe
xmww6‚wwv
u‚w.wwwmffl-
(166161. (566.) I 1644 (6)
lm3wwlffi,aea
vmq.wwmmw
716 7 (75) 715, 5. (84)
118, 24. (84 sqq.) 7 1, 14.
(100 sqq.) V 20, 1 sqq. (118
66.) 71 2, 29. (126 66.)18
Μ6ω46666
vqswqmffw,
15 (242 et 246 66) G. 116,
4 sq. (256) vl 4,16. (666
666.)718,11. (269)17,8

INDEX AVCTORVM

'fflqwqqfflqmn,²

mmmwffifflq
V 14,10, (437) 7 17, 19. (508)
wqffi-nffiqffiwq
nfflwqmwv
14, 4. (127) 111 19, 3. (246
sq.) VI 1, 47. (299) ΙΠ 18.
qfflmmmfflm
qfflmfflmffl
sqq.) V 16, 5. (461 sqq.) 71
mmmmmw
(1.1 15,12 (500 66.) 71
1, 65. (506) 711, 40. (510

6 )712 15.- III (4 66)

717, 5. (55)7Ι4, 23. (73
6 )716 11. (108sq.()v

msmwwafflfi
6 )712 19619, 8666.
(223) 714, 21. (226) IIII4,
10, (289) VI 2, 2. (325)1

666ω6ῃ6
9. (449) 7 14, 4. (478 sqq.)
V 16,5 et 712, 711481)
1111 4,16. (498 666.) 1111 1,
3. (500 sqq.) 71210. (505
sqq.) VI 2, 8. (509 666.) 71
66666Ηη6
(529 66.) 71 1, 64. (546 66.)
71 2, 14. (548 66.) 71 2, 13.
- ΙΙΠ (10 66.) 71 5. 3. (44)
71 6, 6. (50) 15. 7. (102)
6Η666Μ666
6666ΜΑ6666
6666ῊΗΜ6
qmwmqfflmw

717.17. (361)73,.4 (380
6,6)721 1. (461666)
w‚wmmwmqae.
(472) 711, 29 (477) 1111 3,
4. (479) 71 7, 15. (504) 1111
w.wwm,wm
11115, 7. (521) 11113 13.
fflqffl4‚ffifflmw
11116. 23. (538) ΙΠ5, 6.
(640) ib. 5. (550) ib. 6. (551)
1 5

661113, 10. (272 116, 12 Verrius Flaccus I 15, 21.-

efflw’mqffiv44

eo libello qui 8616666616-

 

